-2.967776447569e+01
-7.900586811515e+00
1.444029875898e+01
-1.658040628403e+01
3.661131960873e+01
-1.904167261865e+01
-1.141467398386e+01
-1.482608119483e+01
-6.894866451956e+00
8.290438074863e+00
6.904427902998e+00
-2.732409580709e+01
-1.116992416251e+01
3.881562498668e+01
-5.176200424576e+00
-2.992413926832e+00
2.030767120969e+01
4.121980811496e+01
-4.248945730560e+00
3.705303036593e+00
-9.344667948395e+00
-1.223449280227e+01
2.441295047538e+01
-5.920285451072e+00
-1.064319405244e+01
5.585930570877e+00
4.071715017802e+01
1.488286211940e+01
4.502943261253e+01
-1.694804124883e+01
-1.966131127597e+01
2.442740140600e+01
-2.109662410518e+01
-4.271342005471e+01
-1.888590451097e+01
2.760060938066e-01
-4.131886925723e+00
8.503444611245e+00
3.237734382648e+01
5.079868656603e+00
2.557328988766e+01
-1.870307141413e+00
3.422311658418e+01
8.505448396089e+00
1.240660352818e+01
-2.377292357085e+01
5.916755213171e+00
2.571126394642e+01
3.104062464168e+01
2.427471580859e-01
7.757805794586e+00
-3.662848938949e-01
-3.663417941701e+01
1.717008087810e+01
4.191377847317e+01
-9.387791943927e+00
3.142414362737e+00
-7.194271799083e+00
7.627614151717e+00
4.573756249144e+01
-1.920134700466e+01
-2.861051191468e+00
6.108653586948e+00
-1.782515945479e+01
-1.134293950458e+01
6.665425116872e+00
-3.348497397149e+00
-1.135039748838e+01
-4.386995677879e+00
-6.171576067435e+00
-4.331903950657e+00
1.470381125237e+01
-8.242761551877e-02
-1.723396346385e+00
1.461793073104e+00
2.367516564995e+01
-4.245572667763e+01
5.776814150472e+00
-5.651048657953e+00
7.374457108644e+00
-2.669840764594e+01
-8.907618927268e+00
-2.333692305386e+01
-9.865442297251e+00
-1.452051407693e+01
-1.500856384819e+01
-2.200152025506e+01
6.437615421921e+00
-1.990355931847e+01
5.268877736303e+00
3.554055036467e+01
-7.149170402595e+00
-1.411288588182e+00
-4.426826540066e+01
2.388794041482e+01
2.762394947976e+01
-8.941291867818e+00
-1.605336249749e+01
-2.000546356374e+01
2.578451757324e+00
3.883415649876e+01
-4.374018204389e+01
2.653221408639e+00
-2.024732026740e+00
2.485344054746e+01
3.688544875269e+00
-6.345296241202e-01
-8.704602502265e+00
-4.119375468744e+01
9.008178858546e+00
-7.797184177161e+00
1.794352892589e+01
-1.447342271587e+01
-1.317508204084e+01
-3.473110036614e+00
4.995755160624e-01
-3.200737386310e+01
-5.901322570090e+00
-1.561197195982e+01
2.315944806033e+00
1.733980319911e+01
-1.848291618153e+01
-5.946396709305e+00
5.860426304290e+00
-2.237328552371e+01
2.459024716869e+01
-5.478208833426e+01
-5.635109316375e+00
1.911518863636e+01
4.925424955926e+00
-2.353551640397e+01
-7.173935773792e+00
2.392129012420e+01
2.830180471314e+01
-8.851715078723e+00
-2.944931071845e+01
3.967314197166e+01
2.627397892912e+01
-4.275315669104e+01
-5.829254125872e+00
-1.857626168178e+01
4.981664452518e+00
1.585189633212e+01
-7.092695865458e+00
-1.254789745945e+01
-2.207922567747e+01
-5.034241081844e+01
-7.198684402707e+00
-6.724314417761e+00
-1.235348126845e+01
-2.183991907140e+01
-2.134482391397e+01
5.152391703576e+00
-1.673878579548e+01
3.108236760460e+00
1.898124978378e+01
-6.163104105514e+01
9.342230473650e+00
-7.594364918768e+00
-5.595129456063e+01
1.992923000970e+01
-3.050582559613e+00
-6.439431328961e+00
-1.975999363353e+00
-2.566461149160e+01
1.068795788519e+00
2.321684684379e-01
3.832049650278e+01
1.822394267934e+01
-2.879318176136e+01
3.931829057673e+01
3.999736486788e+00
1.635715419875e+01
1.331004123799e+01
-1.959468558658e+01
1.950125567409e+01
5.022105772487e+01
3.327146085955e+00
2.736609924809e+00
3.541947073822e+01
3.351060180533e+01
-9.453320471084e-01
-2.476820328092e+01
-1.620343659687e+01
-5.067496474070e+00
2.209941236633e+01
-1.202319236924e+01
8.563000846273e+00
-1.097193616730e+01
4.689492734508e+00
-2.722290350409e+01
2.598217235912e+01
1.206768648321e+01
1.176239746161e+01
-6.783546492044e+00
-3.954760301755e+01
1.222437835893e+01
6.212906246136e+00
-1.085466342506e+01
1.744368684952e+01
-5.201731422169e+01
3.374983603788e+01
-7.120621547828e+00
-6.137074428541e+00
2.299658645489e+01
-8.899008776321e+00
9.498615231089e-01
3.650778521444e+01
-2.207241168892e+01
1.909436040659e+01
6.863482402017e+00
-5.773400599765e+00
-6.370131060524e+00
8.790600693652e+00
-2.815134085218e+01
-9.285442888890e+00
-1.737341814685e+01
-3.402207266017e+01
-9.439028374039e+00
3.172926869572e+01
-1.990173003690e+01
1.697640517678e+01
-2.014383232065e+01
2.609583448878e+01
3.170338530414e+01
2.346637710520e+01
3.701845094023e+01
-4.289150475152e+00
-2.402432223344e+01
1.992269897165e+01
6.492223542982e+00
3.883025411016e+00
-1.231995813391e+01
3.038440327544e+01
6.263455257475e+00
-4.064418728917e+01
7.035915790835e-02
6.013383678377e-01
-3.634230100153e+01
-2.089356595706e+01
-2.479459679737e+01
1.002017252671e+01
6.125343926327e+00
-4.185115746971e+01
6.545301183287e+00
1.608283241343e+01
2.567421818751e+01
-1.084699543068e+01
1.605582622440e+01
-3.512414354009e+01
-8.270660829301e+00
1.258896148118e+00
-1.930405904011e+01
-2.938676012743e+01
1.101608896350e+00
-3.919995372411e+00
8.024084699130e+00
3.663144115252e+01
3.366041477131e+00
-3.056857182547e+00
1.643478884149e-02
2.363385874378e+01
-1.368687997616e+01
-2.224501334399e+01
4.396925401567e+00
1.023679122371e+01
-2.053749084953e+01
6.221146678372e+00
-1.639128645601e+01
-1.095191073738e+00
-4.556296195054e+01
-1.929962685703e+01
-4.825170697733e+01
7.252929252723e+00
-2.263006503398e+01
1.452825322809e+01
6.084494919480e+00
1.859715831496e+01
-4.838170065574e+00
1.956024477839e+01
3.447022311068e+01
1.714926437731e+01
-2.866633187289e+00
-1.172162984364e+01
1.563358113073e+01
7.090258582784e+00
6.417282849810e+00
-2.687490905503e+01
1.225895914209e+01
-3.644892035252e+01
1.221538775265e+01
6.071843186945e+01
1.429820003925e+00
3.412106222022e+01
4.982204872422e+00
-2.321160825904e+01
-1.157872967525e+00
-4.581633785312e+01
1.008057693504e+01
1.508011885414e+01
2.343502615689e+01
9.296233560061e+00
1.623304394646e+01
2.606823053963e+01
1.059467949457e+01
-3.917163917882e+01
2.289276387175e+01
-1.070992252059e+01
-4.046126357339e+01
-4.128390009019e+01
2.414830585625e+01
5.374067558412e+00
2.232521636160e+01
3.627479198421e+01
-1.545112000183e+01
1.035844553476e+01
4.008894674704e+00
1.618299474845e+01
-2.433141548167e+01
2.646028493524e+01
8.359924922276e-03
1.875778106835e+01
-3.632984746157e+01
3.146527896749e+00
-2.754408722193e+01
3.616682513957e+00
1.326029758768e+01
1.517403475131e+01
-1.871581958062e+01
4.043449083395e+01
6.622489015172e+00
5.927579741435e+01
-1.816107032186e+01
-3.936125470057e+00
-4.831176904986e+00
2.983483134786e+01
6.669207794196e+00
1.460981369725e+01
-3.344662042086e+01
-2.532304638386e+01
-3.018016287631e+01
-6.153270060171e+00
-1.087850870304e+01
4.871059485040e+01
-1.067217627520e+01
-3.805610576459e+01
1.352608410278e+01
-1.766147809477e+00
-8.010557766650e+00
-1.212173563459e+01
-5.535172141874e-01
5.423689511245e+01
-6.709834637902e+00
-1.065448045120e+01
1.425084974047e+01
-1.865706460499e+01
-3.201546854910e+01
2.378807782925e+01
2.996913953941e+01
1.320208096026e+01
-1.039956367424e+01
-9.411272381497e+00
-1.644388255566e+01
1.857744515069e+01
-1.139839241246e+01
-7.940055037724e-01
2.992899006701e+01
1.471822759600e+01
-5.801331007595e-02
7.826936171130e+00
-5.238000138706e+01
1.390019471670e+01
-2.051841657589e+01
2.235822249348e+01
-1.671108324340e+01
-2.586396983713e+01
-1.317551662871e+01
1.052561039360e+01
-1.807654315405e+01
-5.582881218300e+00
3.485398421158e+01
2.132138856457e+01
3.985099604456e+01
-6.680841432758e+00
2.316457392142e+00
2.969578496373e+00
1.428534131968e+01
-2.032720332294e+01
-2.686921988704e+01
1.374182854730e-01
-7.659319507129e+00
-3.607589923923e+01
4.413654943675e+00
-1.425152930672e+01
-2.534102394914e+01
-6.828079885651e+00
-3.177745021335e+01
5.542333750449e+00
-1.013603176036e+00
-1.856667824101e+01
-2.204002773253e+01
1.949460280603e+00
-1.960490698503e+01
4.180243814229e+00
5.115609961799e+00
2.617050867618e+01
-4.168199916714e+01
-2.842352739051e+01
3.501732987484e+01
-4.413816265028e+01
2.645807833825e+01
4.694656126429e+00
8.469843646380e+00
3.449809688981e+01
-9.198367481133e+00
6.306068223916e+00
-4.764401241334e+01
2.476449811219e+01
9.735703479496e+00
1.684716092743e+01
-3.864359712885e+01
-3.269369613931e+01
-8.782692508064e+00
2.680584043206e+01
2.755619569275e+01
5.945932904220e+01
1.586261522905e+01
2.858567905361e+01
-2.167290088182e+00
-4.109797679267e+00
-2.552237815100e+01
2.108724428334e+00
-4.696185208855e+00
1.376198148055e+01
4.281045835312e+00
1.328386483581e+01
-2.968457326921e+01
-8.896528220017e+00
-1.465087481603e+00
2.960245486008e+01
1.010723352907e+01
-2.852760022179e+00
7.548458631745e-01
6.516434885319e+01
1.294809643726e+01
-1.464637317605e+01
2.982233066967e+01
-3.580729352380e+00
1.359873911721e+01
-4.572545467116e+01
-1.014555191586e+01
3.647787989493e+01
3.279794501704e+01
4.461780151627e+01
-7.554682145905e+00
2.463086733726e+01
-9.618371439861e-01
-2.518016961322e+01
1.101045081341e+01
2.048170250397e+01
1.026250910839e+01
3.056387534356e+01
6.308538550542e+00
-2.376173808224e+01
-1.944802811509e+01
7.883027690848e+00
-5.503885160185e+00
7.725789429546e+00
3.113509797424e+01
-1.560522150202e+01
-6.154823597710e+00
7.825966503480e-01
-4.093434285232e+00
3.868416849361e+01
-3.379547772720e+01
3.139064916760e+00
8.577553596815e+00
-3.711537307451e+00
1.260709924387e+01
-1.690453798298e+01
1.780955594486e+01
1.515250001980e+01
-4.165815947429e+01
-4.686461815610e+01
-3.760848256487e+01
1.106567645052e+01
4.128883288082e+01
2.366836258724e+01
7.113438605196e-01
2.759406004816e+01
1.525367825565e+01
1.636550259499e+01
-7.629480561313e+00
3.465968940259e+01
-2.636003990524e+01
-5.344539247688e+00
3.674023693999e+01
-2.080717681936e+01
-2.202715651063e+01
-6.198712133091e+00
-2.036750071402e+01
-3.778222222413e+00
1.404841701043e+01
-7.604872003192e+00
2.443376723240e+01
-2.434845509559e+01
8.611522563074e+00
-4.426492415088e+00
1.302296619371e+01
-8.173668806172e+00
-1.048414455352e+01
-3.767628599479e+00
-3.038465294089e+01
-1.164555577142e+01
3.751364039632e+01
-2.105912995400e+01
1.572242505456e+01
1.239921502032e-03
-2.451598259934e+01
-3.955379013615e+00
-3.394417272669e+00
2.620805469606e+01
2.171351571064e+01
1.743242555422e+01
-2.123194414596e+01
-8.804710625778e-02
-1.052496707919e+01
9.035157056235e+00
1.633882353590e+01
-1.087024509284e+01
1.765857546660e+01
1.175096120445e+01
2.172406128386e+01
-2.372840018652e+01
1.875237372044e+01
7.865606094624e+00
1.007900647354e+01
-4.209978379598e+01
1.915146348633e+01
3.916474740474e+01
1.389174706699e+01
7.080239586538e+00
2.430151884049e-01
-6.396861834368e+00
-3.597833660083e+00
3.327334330966e-01
3.223923220430e+01
-1.129931292718e+01
-3.406894142549e+00
1.006582126153e+01
-1.102758456792e+01
8.310291955535e+00
4.380457672948e+00
1.911621657860e+01
-1.634536678106e+01
-1.626923520341e+01
-2.772934768251e+01
-1.298820720644e-01
-2.621850441433e+01
-5.909128860357e+00
1.212766124370e+00
-3.167630198261e+00
-5.259406526311e+00
1.464067053356e+01
-6.777989217922e+00
-2.807968097036e+01
-2.876770241122e+01
4.254404250296e+00
8.346581338119e+00
-1.890066036656e+01
5.267365741931e+01
-1.748486734243e+01
1.584291740543e+01
-5.332239851757e+00
2.263750227214e+01
-5.809756152384e+00
-1.717559505161e+01
9.738836935259e+00
1.109264401283e+01
5.770349706058e+01
-7.343870420509e+00
-4.083537396312e+01
1.367349016345e+01
1.621746134248e+01
2.871593070525e+01
1.466915793829e+00
5.658422041261e+00
1.595679932216e+01
1.559949135229e+01
-2.156562694104e+01
1.412047375688e+01
4.180210004193e+00
-5.200231952842e+01
2.558752129199e+00
-2.751423616804e+01
2.073610038716e+01
-6.153972550054e+00
3.532041538463e+01
-3.722858072637e+01
5.410356588583e+01
-2.258833672285e+01
3.195597476919e+01
-2.310036221384e+01
-2.382601098114e+01
9.192589015054e+00
-9.010956729726e+00
-6.498868499468e+00
-3.415230617993e+01
-1.756060950214e+01
2.099277763462e+01
2.603889763519e+01
4.188961643445e+01
1.265290593836e+01
-1.245628161418e+01
-1.677220011628e+01
-2.425570287450e+01
3.170284655711e+01
-2.596955068885e+00
-1.000807724609e+00
2.268105954952e+01
1.549695910789e+00
6.086436789777e+00
-3.080018618759e+00
5.114345981487e+00
-4.480239281272e-01
1.233786987728e+01
-2.332701826489e+01
-6.172715435383e+00
2.466985137406e+01
2.965820892774e+01
5.303888388422e+00
8.364404831368e-02
-1.814863844561e+01
-1.510599072986e+01
-9.146246172189e+00
9.287259726645e+00
-3.108451567550e+01
-2.013707282560e+01
-6.720443044461e+00
-1.308234532925e+01
-2.660880844989e+01
-2.207824546249e+01
-3.155564803693e+01
-1.496739781401e+01
3.291099202398e+01
3.100959483963e+00
-1.436337819713e+01
9.953767343722e+00
-1.280391772503e+01
-3.648681519276e+01
-2.278224528569e+01
-7.056353809700e+00
3.525235058326e+01
-8.575139980148e+00
-2.104466207998e+01
-1.434790517526e+01
-5.831101329722e-01
1.801598356094e+01
1.329309694357e+01
-1.044623742196e+01
3.325281518054e+01
-7.823883611077e+00
1.509223724807e+01
-1.971348733307e+00
-1.586856547923e+01
1.581906144638e+01
2.030813096734e+01
-2.681017846362e+01
4.208810865029e+01
-3.669811411488e+01
3.379347333510e+00
-7.565761649983e+00
-8.409016102555e+00
2.444762521383e+01
-5.257525411728e+00
2.406628459871e+01
-1.533695103523e+01
2.225673054459e+01
-6.249670892411e+01
-3.782060203117e+01
2.750016804773e+01
-2.659010454418e+01
-4.480057931833e+01
-2.223799350181e+01
2.847192041492e+01
-1.399598930283e+01
1.974664928579e+01
1.121489820056e+01
2.270988177485e+01
1.615610641049e+01
3.178338115827e+01
4.097715055014e+01
2.843238203214e+01
1.036391376043e+01
2.624374298076e+01
2.740987656337e+01
9.447903703153e+00
4.416785105143e+00
-1.653853961048e+01
2.677845317592e+01
-2.716487936273e+01
2.469284009682e+01
2.765940545236e+01
4.556225146506e+01
8.326340845689e+00
2.260195125759e+01
7.935971172671e+00
-1.070302829626e+01
8.975893169528e+00
-3.727719831288e+00
-1.133243640354e+01
-1.508835944701e+01
-8.543699525611e+00
8.370272526226e+00
3.059218672484e+01
-2.611177927311e+01
-2.635693492386e+01
-1.023250907974e+01
2.315316601791e+01
1.880958719589e+01
4.093437869075e+00
1.748830520061e+01
2.248320360567e+01
-4.138435074325e+00
1.196576424913e+00
5.892955975970e+00
1.455190839901e+01
1.564081018884e+00
8.502395233908e+00
3.678945503823e+01
-1.424466440920e+01
2.086052826901e+01
1.673368405765e+01
-3.178576318242e+01
6.019175990438e+00
-5.181066852427e+00
2.419002412750e+01
2.396347510563e+01
-2.502446907083e+00
2.423870625022e+01
-7.565742091850e-02
5.013602961613e+01
2.217376814067e+00
3.567354813321e+01
2.407042911475e+01
-2.318149351249e+01
2.541268752838e+00
-3.694397150188e+01
6.043179169899e+00
1.435370958996e+00
-1.043552217524e+01
1.002384409859e+01
-3.465615836156e+00
-3.110838312326e+01
4.207851406238e+01
-3.171821035463e+01
4.313197054581e+01
-3.390838285986e+01
3.945331975660e+00
-1.318402004126e+01
-7.440654250315e+00
2.095864994048e+01
-7.671388329505e+00
1.062050004903e+01
-1.721724132304e+01
-3.219547398018e+00
6.981308031789e+00
9.824428150458e+00
-6.880424098138e+00
1.101945375190e+01
-2.009544157467e+01
3.766400522528e+00
-6.729039315787e+00
1.477033110506e+01
-1.473629200317e+01
2.526479767016e+01
3.067287554722e+01
7.029063046227e+00
1.923866366574e+01
6.479251448183e+00
2.967339246660e+01
1.373709964091e+00
-6.898724823342e+00
-1.189873519560e+01
-2.600043970713e+00
-1.099401193342e+01
2.290189961709e+01
-2.658079706702e+01
-3.338264907509e+01
-2.209792657140e+01
-2.191594799759e+01
3.683851365014e+01
3.813502980138e+01
3.109981224378e+01
3.496881224978e+00
3.417915383104e+01
-6.314321106786e+00
-2.000828584123e+01
-2.311280045729e+01
1.521031648730e+01
-1.572260403814e+01
2.810123752574e+01
3.644561210577e+01
-2.420244488898e+00
1.871122779813e+01
9.995721167870e+00
1.229425324245e+01
-4.712632186440e+01
-1.707796981933e+01
-1.346546521743e+01
1.606749928127e+01
4.699893166791e+01
2.228423579576e+01
8.139934747820e+00
-2.617159993630e+01
-1.375367509802e+01
-1.046295064515e+01
-5.597892469155e+00
-4.738074923012e+00
2.329744560001e+01
-5.052606967175e+00
-6.503227408172e+00
-9.387836688558e+00
1.761625961708e+01
9.443375426953e+00
-2.954775266047e+01
-3.134775579195e+01
-2.015664239478e+01
9.205195672973e+00
-1.213669548140e+01
4.683739077421e+00
-1.001769240358e+01
1.149975087072e+01
-3.961171677245e+00
3.801402893032e+00
3.247139931917e+01
-2.015902930869e+01
1.409279546389e+01
-2.834917118296e+01
-5.914928305175e+01
7.448042945653e+00
2.136226045321e+00
2.592970399922e+00
2.031274312127e+00
-4.908645088867e-01
-1.996498761236e+01
1.578893540616e+01
-9.542392195954e+00
-2.321082943682e+01
2.597927963954e+01
7.653401400139e+00
-2.088379992663e+01
-8.732796245202e+00
-1.454041995677e+01
2.989401439196e+01
-1.682060297253e+01
1.163557562243e+01
5.675583966204e+00
-1.360276653715e+01
-3.798285199660e+01
-1.773728133061e+01
3.027324543126e+01
5.990683143542e+00
-2.943512941654e+01
-4.011756826288e+01
3.018240859948e+01
-2.652808305690e+01
-3.816835094263e+00
-1.537060341077e+01
1.464280041888e+01
-3.598886642673e+01
1.784296519087e+01
2.608461259817e+01
3.015413147185e+01
-1.176198142292e+01
1.762602836872e+01
1.976256483216e+01
-4.091019469988e+01
4.811037050393e+00
-6.500552945257e+00
-5.232686250985e+00
-2.090143456535e+01
7.849157582688e+00
2.888330826867e+01
-1.391215944665e+01
9.979397655690e+00
-1.326250476257e+01
-3.390119163338e+01
-6.259469551716e+00
-1.347017868178e+01
-1.867211096930e+01
-2.529056904410e+01
-1.165343333572e+01
-9.201413726738e+00
-9.943897627049e+00
-4.445632384677e+00
-7.896571855081e+00
-2.217182175185e+01
-1.757874255873e+00
-3.619710869136e+01
2.497902328707e+01
7.286871817490e+00
-1.034473190417e+01
2.080244496838e-01
1.941150102424e+01
3.185684176042e+01
-2.080625218919e+01
4.285650982144e+01
-5.017866386973e+01
3.455915793975e+01
-1.335761296546e+00
8.927543969376e+00
-2.907672983399e+01
1.010875921739e+01
-3.346612270361e+01
-2.642090799828e+00
1.888203179191e+01
5.966736667883e-02
3.424446854893e+01
-1.786770755379e+00
4.823576990581e-01
-2.133855127970e+01
5.064773887003e+01
-3.789288182598e+01
1.885507281853e+01
-1.189595217464e+00
2.681253609966e+01
2.687845102246e+01
-2.703042939729e+01
-1.941719126574e+01
4.162010620814e+01
2.389470115468e+01
-1.955460650654e+01
1.683067245363e+00
-3.247573831865e+00
4.227420312183e+01
4.243194073424e+00
-2.279595779451e+01
9.851422335423e+00
3.436950892414e+01
6.207669680318e+01
2.805820082404e+01
-8.269690140886e-01
-5.965133691985e-01
5.263943501448e+01
-2.501652814729e+01
3.968760883126e+01
-7.748025868929e+00
-2.277937723664e+00
-3.311866860240e+01
1.100275870891e+01
-4.834361368340e+01
-3.122685729117e+01
3.258242721997e+01
3.105182046919e+01
2.579077484192e+01
1.054890054644e+01
1.881453557082e+01
-1.405150441598e-01
-2.943402644608e+00
-1.638934238192e+01
-4.291985805008e+01
4.727646179174e+01
-1.660495331785e+01
-2.904784497085e+00
2.823848753864e+01
1.290816792508e+01
-5.654264632921e-01
-3.559298829411e+01
3.240671769008e+01
3.443760117787e+01
2.367056279477e+01
-4.433391656171e+01
-1.533336660497e+01
8.062361513953e+00
-1.500770417364e+01
-9.156734735955e+00
1.766272405804e+01
-4.068418565115e-01
3.000759097548e+00
7.002612628969e-01
4.201812344550e+01
-3.059550630277e+01
-5.208780561561e+00
-3.570037047058e+00
-3.698608217045e+01
2.372161837586e+00
-1.678456651903e+01
2.245370382080e+01
-3.541768791073e+00
-1.452082394241e+01
-5.587267180781e+00
2.125064264898e+01
3.553928130804e+00
-7.893397391918e+00
1.996998941393e+01
1.362473745087e+01
2.994395109312e+01
-9.681203751566e+00
1.942672332347e+00
