-1.063024853583e+00
-8.202519126739e-01
6.832299181748e-01
4.178991667246e-01
4.224582911985e-01
-4.861431167519e-01
-2.055813001254e-01
-1.298437644945e+00
2.199773005257e+00
1.253383590704e+00
9.197091722467e-01
-2.526856855875e-01
-1.290350756482e+00
1.859545768800e+00
-4.704748091134e-02
-1.348732405755e+00
7.714456484446e-01
-2.214040704536e-01
1.646623368449e+00
-4.668788494287e-01
-8.167067305846e-01
-1.597011188471e+00
2.648640184129e-02
-3.743356546415e-01
9.180213192909e-01
8.365747881738e-01
2.042931153709e+00
-7.751845283219e-03
-1.243012686366e+00
5.599878560527e-02
-1.756481386950e+00
-1.042926790129e+00
4.194051915343e-01
9.697283075221e-02
4.939812430032e-01
-2.890869314507e-01
-4.023887063256e-01
8.231097953494e-01
-5.669615494536e-01
2.267831989382e-01
-1.886491363889e+00
-1.102423738525e+00
6.612497700150e-01
3.468353602858e-01
-1.624694780727e+00
3.383578924541e-01
-7.163855075899e-01
1.189705103108e+00
2.287675257934e+00
-8.794717746755e-01
-2.891441664230e-01
1.327836860142e+00
5.397198890681e-01
-7.684691076210e-01
-1.223615841177e+00
-1.405197006031e-01
3.410410041104e-01
-6.280627126438e-01
-6.220129283820e-01
1.195348584490e-01
5.785152655156e-01
7.870569358430e-01
-5.068586899962e-01
-3.434807186119e-02
-2.744198459441e-01
-4.560027428884e-01
-8.359060245079e-02
-5.990285949339e-01
-2.427848125548e-01
-2.575759815605e-01
-1.961532870336e-01
-6.512435718671e-01
2.976865537063e+00
1.208648065762e+00
1.216818963057e-01
-6.744643793155e-02
2.684246335367e+00
-1.664151628339e+00
5.348904370066e-01
-4.377448812478e-01
4.403709107197e-01
5.432877376924e-01
-1.051205677805e+00
-4.423605888636e-01
-5.891298071689e-01
2.097043033128e-01
1.051355458802e-01
-1.546611705775e-02
-4.389250507923e-01
-1.994542970787e+00
-1.743426734119e+00
-1.039452154984e+00
1.122900703627e+00
-1.180243391980e+00
8.909898435341e-01
-4.693122250743e-01
-4.112182848282e-01
-1.213628452853e+00
1.289792437960e+00
1.656036071584e-01
-2.673476217330e+00
-7.885089958607e-02
1.258073795307e-01
-1.338497205511e+00
5.101889436310e-01
-4.504388288041e-01
-6.261743342007e-01
-1.803066611084e+00
5.454140493606e-04
-3.165636420321e-01
-1.451491312209e+00
-4.513681024267e-01
4.044153964610e-01
-1.738326453328e-01
2.335628461484e-01
-7.299175449465e-01
1.835249394651e+00
1.238111639562e+00
-4.523607960308e-01
1.823181072849e+00
1.600251614650e+00
-1.219684404112e+00
-1.293757119204e-01
-1.250123381525e+00
-5.483102222962e-01
1.812180339651e-01
7.268859739498e-01
1.276595881862e+00
-9.372650225914e-01
-3.093192481176e-01
3.780337100452e-01
6.681926549618e-01
1.218539361953e-01
-1.225149815993e+00
-1.088328148296e+00
-4.403693863573e-01
1.419333166563e+00
-8.983767035070e-01
-4.428051939970e-01
3.692711471543e-01
7.723061613082e-02
-7.809168100329e-01
-2.951467485202e-01
4.570539568034e-02
-1.800922950688e-01
9.252928028124e-01
-8.326222127640e-01
8.348620561003e-01
1.394564827788e+00
-2.022268877297e-02
-1.067000611183e+00
-1.076287625963e+00
1.290525042647e+00
-2.811873071805e-01
-1.805560817257e-01
5.399621439758e-01
7.428786059185e-01
-2.452141125495e+00
9.531591935912e-01
-6.596313111550e-01
-1.402083721512e-01
-1.858035634039e+00
1.653211427932e+00
1.044110039100e+00
5.770224003509e-02
6.425671332478e-01
5.586684087712e-01
-1.150347438535e+00
-1.101975240624e+00
2.893130093817e-01
-2.790454088259e-01
-1.055223171944e+00
-1.848525184375e+00
-3.908480072363e-01
1.173985596348e-02
-1.564855808921e+00
1.141736098228e+00
1.811903900416e-01
-3.844953241382e-01
8.993626851922e-01
-1.564872920593e-01
-9.261038144028e-02
-3.710803967815e-01
1.141630929396e+00
-4.183284997346e-03
4.271740652668e-01
2.621418410055e+00
-3.103168027867e-01
7.624944351349e-01
3.376035256686e-01
-1.078032880859e+00
1.919956094281e+00
-3.787191728861e-01
5.256211888195e-01
-7.568600253414e-01
-1.462200384633e+00
7.528033120773e-03
1.006648627238e+00
-1.120579308775e+00
-5.925950931783e-01
-1.496790846146e+00
-3.967755887448e-01
-1.662132282609e+00
-1.728735028582e+00
4.687477794391e-01
-5.177123278817e-01
7.368926785446e-01
-2.707585689395e-01
1.399305501464e+00
7.805081559189e-01
-8.796019447554e-01
-8.683579390205e-01
-5.139225936331e-01
9.553214114686e-02
4.894335006720e-01
5.001670047706e-01
-1.281402582134e+00
-4.323551245362e-01
8.115963646439e-01
5.263690659855e-01
-2.035343943024e+00
8.660944419739e-01
-4.400348676240e-01
-2.054961280582e+00
-1.577544588832e-01
-7.503606485843e-01
2.688081104245e-01
2.429458982772e-01
5.807365001668e-01
7.424857290143e-01
-6.808561355457e-01
-6.834698271475e-01
-5.791310878714e-01
-3.033665923693e-01
1.052648757737e+00
2.331912497824e+00
-1.219110967057e+00
5.197597042919e-01
6.670444484661e-01
-2.853047939892e-01
-1.281594972727e+00
1.957909232396e-01
2.140601533469e-01
1.401436406931e-01
4.818076258648e-02
7.094465043322e-01
-9.374391530624e-01
6.084259058183e-01
-7.492940414993e-01
-2.468959958302e-01
-9.945126428670e-01
5.614000373506e-01
-1.541045315374e+00
7.529549218282e-01
7.759353416068e-01
-4.736954911379e-01
9.407174322109e-01
-1.070365627228e+00
-7.557261785703e-02
1.499155973601e+00
8.429120593582e-01
-3.193167889549e-01
1.900417259405e+00
-1.075999005043e+00
-5.424948131297e-01
2.542236436527e-01
-6.398319667031e-01
-2.656491151958e-01
-3.681891812101e-01
1.391818999165e+00
-1.495967997503e+00
1.693588588470e+00
-1.576612401504e-01
-5.244254546035e-01
2.585844526806e-01
7.344005340630e-01
-1.624133059620e+00
-1.110224917155e-01
1.154001847189e+00
1.282765023753e-01
8.367392416134e-01
9.141182614089e-02
-3.915955403899e-01
-8.542521547529e-01
-6.479046295107e-01
-2.484739656085e+00
9.763534248488e-01
-1.070870462674e+00
-1.046778014381e+00
1.791122176636e-01
-1.019411259860e+00
-2.641616621131e-01
-6.431648559761e-02
-2.189761798714e+00
-3.401643433594e-01
-1.210322803092e+00
-2.292070224491e+00
-7.266506716756e-01
1.640150561142e+00
2.239133320898e+00
-1.250689803933e-01
5.993173480708e-01
-8.524449432691e-01
1.408278170399e+00
5.855640346043e-01
-8.573982661328e-01
-1.577969166197e+00
-5.937251676925e-01
2.208946957310e-01
8.481018714210e-01
-1.832368890429e+00
-1.564699073425e+00
5.776633047797e-01
3.988320933967e-01
1.156915986350e+00
-1.742447327928e+00
-1.349642138901e+00
-2.994688015364e-01
-1.165058959440e+00
-4.376173352858e-01
9.744045806514e-01
-3.164582432666e-02
4.158078421601e-01
6.583730703804e-02
-3.211312780211e-01
-1.611270366882e-01
-1.014645122352e-01
-3.406697518274e-01
4.912985212748e-01
7.140901365654e-01
-8.022482188385e-02
1.220444142368e+00
-1.075823690292e+00
7.260060789099e-01
1.848399740824e-01
-6.405113951818e-01
-3.347158604465e-01
-8.568082303195e-01
-1.406754177518e+00
-2.638126380550e-01
2.183663224739e-01
-6.745233261272e-01
1.932704788225e-01
8.636389538775e-01
-1.422626610151e-01
-6.192749764717e-01
2.985121831364e-01
8.455096282178e-01
-5.344303825726e-01
1.386018610949e+00
4.983786300437e-01
3.855528712982e-01
1.199244047951e+00
-7.787271654801e-01
2.282410458266e+00
1.502260386918e+00
-8.321126254403e-01
-7.688221108720e-01
-2.190985938507e-01
-5.737956699858e-02
-1.807378508188e-01
-5.309347618761e-01
4.389940820010e-02
1.128763430827e+00
-3.942847975168e-01
1.661632685861e+00
6.174518108307e-02
-9.180693942456e-01
1.690958062366e+00
1.281587040468e-01
-5.588934255486e-02
2.434948017043e-02
4.942523134266e-01
1.437534133502e+00
-1.811241697074e+00
-3.954297580023e-01
6.023020676834e-01
9.722671656779e-02
-1.092524279824e+00
1.491020585211e+00
-2.848622146492e+00
-1.442669121458e-01
1.996298174804e+00
1.372437518590e+00
-1.352381906998e+00
-1.732064239842e+00
-1.515651227375e+00
1.157131588663e+00
3.547800191247e+00
-1.580992434081e+00
-1.491503960872e+00
1.780907161103e-01
-8.272513576129e-01
-1.877810186502e-01
-4.637922252517e-01
-8.281237556452e-01
2.021748051560e+00
-6.275241920439e-01
7.657831564164e-01
-1.513755612292e+00
-3.340999559247e-01
-8.679650735363e-01
-5.863620337536e-01
-1.089611954340e+00
-1.914984296982e-01
-5.735138040331e-01
-1.201770858547e+00
-4.507745304644e-01
6.412204777663e-01
-1.122331947098e+00
1.142682387626e+00
-4.262078928589e-01
-5.732615451859e-01
-8.964893690612e-01
-3.012527934343e-01
-2.016576639995e-02
1.748294402625e-01
-6.303983236660e-01
7.403581064713e-02
-2.576741441465e-01
5.585805113083e-02
-6.734117522342e-01
-6.368350231762e-01
1.737698094876e+00
-1.739453098793e-01
-2.085680151677e-01
-1.937118795252e+00
7.505021281562e-02
-7.143166144394e-03
-1.142627977102e+00
-7.427462054874e-01
1.622207126777e-01
-1.528476133906e+00
1.079221143558e-01
-2.567021155355e-01
1.161444335204e+00
-1.363314687213e+00
2.171538348310e+00
3.956894548787e-01
-1.489346209407e+00
1.232516023377e+00
4.044109314562e-01
2.335197412140e-01
-2.071158878399e-03
-3.912657719333e-01
-8.471117694112e-01
-9.085554678837e-01
1.940176981840e+00
1.235937362398e+00
2.620328407448e-02
3.699907093858e-01
-1.037206274406e+00
-1.095654036561e+00
-9.187121625186e-01
1.959165626590e+00
-8.127694057215e-01
1.902344305053e-01
7.608048063869e-01
2.823128126996e+00
-1.215881694615e+00
1.153711514281e+00
-1.317438892144e+00
7.036071821033e-01
-1.154515141175e+00
-6.344481273202e-01
-5.357318951073e-01
7.747860298193e-01
-5.933652467985e-01
7.743199129959e-01
4.562854681202e-01
1.839860136294e+00
4.736584970455e-01
-6.049560286490e-01
-9.023880908203e-01
4.853084605061e-01
1.378330320102e+00
1.236110039120e+00
-1.120437158412e+00
-8.101108588148e-01
-2.791186593994e-02
5.866236996171e-01
3.073659877323e-01
1.995288722341e+00
9.903985491420e-01
8.250860196728e-01
-1.091431268733e-01
1.212740567973e-01
-1.369127036490e+00
1.065893880742e-01
9.888840967220e-03
1.773208913699e+00
1.046851041563e+00
-3.242986245820e-01
1.861155154829e-02
-5.034855379355e-01
6.611393118409e-01
1.578913828851e+00
4.850024738650e-01
-2.063445833891e-01
-3.542214034562e-01
